   1 -0.490000 0.777500
   2 -0.490000 0.977500
   3 -0.490000 1.177500
   4 -0.490000 1.377500
   5 -0.490000 1.577500
   6 -0.490000 1.777500
   7 -0.490000 1.977500
   8 -0.490000 2.177500
   9 -0.490000 2.377500
  10 -0.490000 2.577500
  11 -0.490000 2.777500
  12 -0.390000 0.777500
  13 -0.390000 0.977500
  14 -0.390000 1.177500
  15 -0.390000 1.377500
  16 -0.390000 1.577500
  17 -0.390000 1.777500
  18 -0.390000 1.977500
  19 -0.390000 2.177500
  20 -0.390000 2.377500
  21 -0.390000 2.577500
  22 -0.390000 2.777500
  23 -0.290000 0.777500
  24 -0.290000 0.977500
  25 -0.290000 1.177500
  26 -0.290000 1.377500
  27 -0.290000 1.577500
  28 -0.290000 1.777500
  29 -0.290000 1.977500
  30 -0.290000 2.177500
  31 -0.290000 2.377500
  32 -0.290000 2.577500
  33 -0.290000 2.777500
  34 -0.190000 0.777500
  35 -0.190000 0.977500
  36 -0.190000 1.177500
  37 -0.190000 1.377500
  38 -0.190000 1.577500
  39 -0.190000 1.777500
  40 -0.190000 1.977500
  41 -0.190000 2.177500
  42 -0.190000 2.377500
  43 -0.190000 2.577500
  44 -0.190000 2.777500
  45 -0.090000 0.777500
  46 -0.090000 0.977500
  47 -0.090000 1.177500
  48 -0.090000 1.377500
  49 -0.090000 1.577500
  50 -0.090000 1.777500
  51 -0.090000 1.977500
  52 -0.090000 2.177500
  53 -0.090000 2.377500
  54 -0.090000 2.577500
  55 -0.090000 2.777500
  56 0.010000 0.777500
  57 0.010000 0.977500
  58 0.010000 1.177500
  59 0.010000 1.377500
  60 0.010000 1.577500
  61 0.010000 1.777500
  62 0.010000 1.977500
  63 0.010000 2.177500
  64 0.010000 2.377500
  65 0.010000 2.577500
  66 0.010000 2.777500
  67 0.110000 0.777500
  68 0.110000 0.977500
  69 0.110000 1.177500
  70 0.110000 1.377500
  71 0.110000 1.577500
  72 0.110000 1.777500
  73 0.110000 1.977500
  74 0.110000 2.177500
  75 0.110000 2.377500
  76 0.110000 2.577500
  77 0.110000 2.777500
  78 0.210000 0.777500
  79 0.210000 0.977500
  80 0.210000 1.177500
  81 0.210000 1.377500
  82 0.210000 1.577500
  83 0.210000 1.777500
  84 0.210000 1.977500
  85 0.210000 2.177500
  86 0.210000 2.377500
  87 0.210000 2.577500
  88 0.210000 2.777500
  89 0.310000 0.777500
  90 0.310000 0.977500
  91 0.310000 1.177500
  92 0.310000 1.377500
  93 0.310000 1.577500
  94 0.310000 1.777500
  95 0.310000 1.977500
  96 0.310000 2.177500
  97 0.310000 2.377500
  98 0.310000 2.577500
  99 0.310000 2.777500
 100 0.410000 0.777500
 101 0.410000 0.977500
 102 0.410000 1.177500
 103 0.410000 1.377500
 104 0.410000 1.577500
 105 0.410000 1.777500
 106 0.410000 1.977500
 107 0.410000 2.177500
 108 0.410000 2.377500
 109 0.410000 2.577500
 110 0.410000 2.777500
 111 0.510000 0.777500
 112 0.510000 0.977500
 113 0.510000 1.177500
 114 0.510000 1.377500
 115 0.510000 1.577500
 116 0.510000 1.777500
 117 0.510000 1.977500
 118 0.510000 2.177500
 119 0.510000 2.377500
 120 0.510000 2.577500
 121 0.510000 2.777500
