-0.490000 0.777500 0.861000
-0.490000 0.977500 1.004700
-0.490000 1.177500 0.909900
-0.490000 1.377500 0.896600
-0.490000 1.577500 1.009500
-0.490000 1.777500 0.779100
-0.490000 1.977500 0.944200
-0.490000 2.177500 0.966500
-0.490000 2.377500 0.867000
-0.490000 2.577500 0.907000
-0.490000 2.777500 0.924100
-0.390000 0.777500 0.801900
-0.390000 0.977500 0.793900
-0.390000 1.177500 0.839900
-0.390000 1.377500 0.560100
-0.390000 1.577500 1.003000
-0.390000 1.777500 0.629400
-0.390000 1.977500 0.815800
-0.390000 2.177500 0.743200
-0.390000 2.377500 0.761800
-0.390000 2.577500 0.653800
-0.390000 2.777500 0.723200
-0.290000 0.777500 0.867200
-0.290000 0.977500 1.008700
-0.290000 1.177500 0.827000
-0.290000 1.377500 0.826600
-0.290000 1.577500 1.017100
-0.290000 1.777500 0.796200
-0.290000 1.977500 0.940600
-0.290000 2.177500 0.930100
-0.290000 2.377500 0.876600
-0.290000 2.577500 0.841800
-0.290000 2.777500 0.964300
-0.190000 0.777500 1.040200
-0.190000 0.977500 1.091600
-0.190000 1.177500 0.984700
-0.190000 1.377500 1.080300
-0.190000 1.577500 1.034100
-0.190000 1.777500 1.004700
-0.190000 1.977500 1.141800
-0.190000 2.177500 1.072100
-0.190000 2.377500 1.047000
-0.190000 2.577500 1.097100
-0.190000 2.777500 1.149300
-0.090000 0.777500 0.801500
-0.090000 0.977500 0.870800
-0.090000 1.177500 0.716900
-0.090000 1.377500 0.737400
-0.090000 1.577500 0.922500
-0.090000 1.777500 0.566700
-0.090000 1.977500 0.793700
-0.090000 2.177500 0.639300
-0.090000 2.377500 0.626200
-0.090000 2.577500 0.722800
-0.090000 2.777500 0.728900
0.010000 0.777500 0.762900
0.010000 0.977500 0.838700
0.010000 1.177500 0.694800
0.010000 1.377500 0.557500
0.010000 1.577500 0.998800
0.010000 1.777500 0.288600
0.010000 1.977500 0.820000
0.010000 2.177500 0.605900
0.010000 2.377500 0.573700
0.010000 2.577500 0.635600
0.010000 2.777500 0.669500
0.110000 0.777500 1.017400
0.110000 0.977500 1.064600
0.110000 1.177500 0.920400
0.110000 1.377500 0.946900
0.110000 1.577500 1.120300
0.110000 1.777500 0.869300
0.110000 1.977500 1.108200
0.110000 2.177500 1.104000
0.110000 2.377500 1.004500
0.110000 2.577500 1.017800
0.110000 2.777500 1.130000
0.210000 0.777500 0.959000
0.210000 0.977500 1.059100
0.210000 1.177500 0.929800
0.210000 1.377500 0.947800
0.210000 1.577500 1.010300
0.210000 1.777500 0.886400
0.210000 1.977500 0.987100
0.210000 2.177500 1.024600
0.210000 2.377500 1.010400
0.210000 2.577500 0.924400
0.210000 2.777500 1.078200
0.310000 0.777500 0.747500
0.310000 0.977500 0.915900
0.310000 1.177500 0.781100
0.310000 1.377500 0.733900
0.310000 1.577500 0.867600
0.310000 1.777500 0.559800
0.310000 1.977500 0.784500
0.310000 2.177500 0.708600
0.310000 2.377500 0.664600
0.310000 2.577500 0.608100
0.310000 2.777500 0.693900
0.410000 0.777500 0.862700
0.410000 0.977500 0.892500
0.410000 1.177500 0.737200
0.410000 1.377500 0.808700
0.410000 1.577500 0.961700
0.410000 1.777500 0.567000
0.410000 1.977500 1.049800
0.410000 2.177500 0.610000
0.410000 2.377500 0.782400
0.410000 2.577500 0.668100
0.410000 2.777500 0.775800
0.510000 0.777500 0.893900
0.510000 0.977500 0.953900
0.510000 1.177500 0.790200
0.510000 1.377500 0.805000
0.510000 1.577500 1.038700
0.510000 1.777500 0.649700
0.510000 1.977500 0.999400
0.510000 2.177500 0.908900
0.510000 2.377500 0.834800
0.510000 2.577500 0.926200
0.510000 2.777500 0.927100
